Point [169856.108954  92627.76143   57554.850506   9137.328361     21.332479]
Point [216748.965705 537622.305246  51915.307426   9139.115297     28.027907]
Point [692998.455839 218899.580497  92446.693109   9139.228        18.314291]
Point [292489.077006  87917.44069   90742.130667   9139.241148     69.4105  ]
Point [290449.709308  37602.894432  91517.250056   9139.782845     39.369517]
Point [ 165514.276871 1059829.058778   29892.42585     9137.785807
      70.884131]
Point [ 79472.155784 196967.590214  52062.066225   9139.918115     37.647842]
Point [782715.4861   275627.872235  24934.843363   9137.073507     59.023924]
Point [498015.16783  438360.325061  75258.565177   9136.626744     72.108244]
Point [344926.762009  35617.898227  15549.601655   9139.070978     24.188207]
Point [609037.371446 580069.34277   74313.763038   9138.594313     54.680413]
Point [ 68196.151131 106872.183514  63069.004112   9139.821403     18.898873]
Point [650796.187893 545506.380776  36769.549346   9135.172185     73.938008]
Point [272721.966895 488055.600065  38010.08886    9138.793519     80.366916]
Point [570263.206049 536817.503114   8302.993987   9135.8896       35.846252]
Point [127869.897816 522897.66902    7448.770446   9137.662373     62.877226]
Point [669546.752282 331085.198726  11091.654759   9139.684236     93.203252]
Point [476640.489855 458930.973341  55179.590247   9135.112688     45.865382]
Point [ 573427.676002 1070083.00737    88956.488056    9135.088527
      40.673958]
Point [625137.913044  79708.833083  75544.142105   9137.702019     31.778443]
Point [295167.929675 745620.736612   3077.462875   9136.292381     36.790033]
Point [313917.807335 204494.784276  11691.197364   9138.699861     45.916376]
Point [367091.589903 400516.333594  76644.466167   9139.228449     89.953083]
Point [860842.95492  102100.498087  31373.743484   9139.467368     71.17437 ]
Point [ 49338.089297 208787.672764  64632.725571   9139.717834     21.96722 ]
Point [  1696.694513 965379.286246   2813.748616   9139.299495      2.650377]
Point [347795.945032 222695.567421  68254.234844   9137.263485     32.023051]
Point [ 858913.475254 1017990.759314   22432.416205    9137.323838
      34.26839 ]
Point [ 126124.734794 1033784.783244   49675.932187    9138.745629
      70.138838]
Point [590508.177311 231601.807426  28305.164173   9138.110989     48.784966]
Point [406198.49423  796352.980781  19076.697394   9134.958268     44.853269]
Point [637252.539565 884379.457354  61429.514686   9138.049702     50.21143 ]
Point [ 811366.348054 1054163.448048   93819.028153    9137.278455
       9.93952 ]
Point [772500.490836 302316.835938  41691.092482   9135.243837     58.059708]
Point [ 223416.575118 1150010.633727     616.30294     9137.007916
       7.65187 ]
Point [694881.954397 410159.271861   4432.00761    9137.379459      5.662907]
Point [477607.161344 410412.92578   95264.542091   9136.737014      3.685913]
Point [571552.971997 286465.181474  32581.624184   9138.882575     73.333487]
Point [651116.972873 225955.656398   5149.433487   9134.923826      6.258755]
Point [379915.707954 493117.954429  65787.731659   9138.988199     49.881697]
Point [589216.112707  81116.500766  70342.832647   9135.763986     22.373178]
Point [  67085.512314 1089848.437035   27328.98927     9135.186853
       9.417838]
Point [314256.292866 119548.608749  23039.323786   9138.43021       7.669679]
Point [ 41804.40517  207905.285428  51210.837416   9135.14579      54.474027]
Point [620906.079924 423192.382254  43449.056192   9135.599007     27.182253]
Point [668957.519113 570013.981805  28372.372531   9135.031793     71.161114]
Point [ 339692.566868 1006128.886325   17956.104558    9137.235657
      56.193847]
Point [264041.646915 690897.122601  90159.193171   9139.076859     26.541365]
Point [792700.56054  877878.679804  40511.75646    9136.992442     69.031194]
Point [571675.095837 363176.6525    41214.464537   9139.102177      9.835948]
Point [805290.130735 380211.160532  58523.452281   9135.799024      1.612693]
Point [734516.236932 640999.854995  58534.377646   9137.202929     32.952113]
Point [715349.871047 144586.909048  59272.783934   9137.791125      8.119587]
Point [617597.49762  880352.383657  22841.061131   9138.348867     84.751664]
Point [47843.599133 13741.146079  2653.853053  9138.152475    37.533887]
Point [298519.869681 937376.502034  88962.640745   9136.777674     14.223183]
Point [ 801771.740244 1057237.75933    14448.031345    9139.215035
      61.38492 ]
